#using seed 0.047903
#PROCESSORS: 256, RUNS: 10
#proba	latency	runTime	processors	input-work-size            	taskThreshold	W0	W1	IWR	EWR
0.5	10	938	256	100000	100	100000	0	7129	0
0.5	10	860	256	100000	100	100000	0	6143	0
0.5	10	867	256	100000	100	100000	0	6233	0
0.5	10	994	256	100000	100	100000	0	7854	0
0.5	10	879	256	100000	100	100000	0	6386	0
0.5	10	886	256	100000	100	100000	0	6474	0
0.5	10	882	256	100000	100	100000	0	6430	0
0.5	10	1001	256	100000	100	100000	0	7946	0
0.5	10	948	256	100000	100	100000	0	7261	0
0.5	10	827	256	100000	100	100000	0	5714	0
0.5	10	4474	256	1000000	100	1000000	0	7405	0
0.5	10	4523	256	1000000	100	1000000	0	8034	0
0.5	10	4500	256	1000000	100	1000000	0	7739	0
0.5	10	4487	256	1000000	100	1000000	0	7562	0
0.5	10	4497	256	1000000	100	1000000	0	7689	0
0.5	10	4524	256	1000000	100	1000000	0	8035	0
0.5	10	4475	256	1000000	100	1000000	0	7407	0
0.5	10	4526	256	1000000	100	1000000	0	8060	0
0.5	10	4607	256	1000000	100	1000000	0	9106	0
0.5	10	4562	256	1000000	100	1000000	0	8525	0
0.5	10	39827	256	10000000	100	10000000	0	9917	0
0.5	10	39934	256	10000000	100	10000000	0	11272	0
0.5	10	39827	256	10000000	100	10000000	0	9916	0
0.5	10	39846	256	10000000	100	10000000	0	10146	0
0.5	10	39908	256	10000000	100	10000000	0	10947	0
0.5	10	39959	256	10000000	100	10000000	0	11597	0
0.5	10	39863	256	10000000	100	10000000	0	10375	0
0.5	10	39730	256	10000000	100	10000000	0	8674	0
0.5	10	39866	256	10000000	100	10000000	0	10412	0
0.5	10	39816	256	10000000	100	10000000	0	9771	0
0.5	10	391473	256	100000000	100	100000000	0	10979	0
0.5	10	391510	256	100000000	100	100000000	0	11455	0
0.5	10	391575	256	100000000	100	100000000	0	12284	0
0.5	10	391568	256	100000000	100	100000000	0	12207	0
0.5	10	391506	256	100000000	100	100000000	0	11400	0
0.5	10	391536	256	100000000	100	100000000	0	11802	0
0.5	10	391475	256	100000000	100	100000000	0	11002	0
0.5	10	391655	256	100000000	100	100000000	0	13308	0
0.5	10	391548	256	100000000	100	100000000	0	11934	0
0.5	10	391566	256	100000000	100	100000000	0	12172	0
